-1.78335896663958	0.208806798823732	3.09093367795925	3.09093367795925\\\\
-1.19987309707361	0.140488631330774	3.17897970238487	3.17897970238487\\\\
-0.603241166766518	0.0706312409938199	3.23219615994689	3.23219615994689\\\\
-3.53376171858034e-16	4.13754878331086e-17	3.25	3.25\\\\
-3.61270805748469e-16	2.43710964682552e-32	-3.25	-3.25\\\\
-0.616717933279155	4.16033955871701e-17	-3.23219615994689	-3.23219615994689\\\\
-1.22667897582478	8.27509756662171e-17	-3.17897970238487	-3.17897970238487\\\\
-1.82320026681219	1.2299191873911e-16	-3.09093367795925	-3.09093367795925\\\\
-2.39974619414722	1.61885336612583e-16	-2.96902273733845	-2.96902273733845\\\\
-2.95	1.99005104861445e-16	-2.81458256229943	-2.81458256229943\\\\
-3.46793298852559	2.33944531536949e-16	-2.62930523171858	-2.62930523171858\\\\
-3.94787057751726	2.66320812968894e-16	-2.41522068280153	-2.41522068280153\\\\
-4.38455447031663	2.95779227842738e-16	-2.17467447066629	-2.17467447066629\\\\
-4.77320026681219	3.21997023600555e-16	-1.91030206995054	-1.91030206995054\\\\
-5.10954988232819	3.44686952585595e-16	-1.625	-1.625\\\\
-5.38991820009135	3.63600419187725e-16	-1.32189408999635	-1.32189408999635\\\\
-5.61123344614141	3.78530203508955e-16	-1.00430523171858	-1.00430523171858\\\\
-5.77107084432945	3.89312731708003e-16	-0.675712995157718	-0.675712995157718\\\\
-5.86767918267281	3.95829868149532e-16	-0.339717505619874	-0.339717505619874\\\\
-5.9	3.9801020972289e-16	0	0\\\\
-5.86767918267281	3.95829868149532e-16	0.339717505619874	0.339717505619874\\\\
-5.77107084432945	3.89312731708003e-16	0.675712995157717	0.675712995157717\\\\
-5.61123344614141	3.78530203508955e-16	1.00430523171858	1.00430523171858\\\\
-5.38991820009135	3.63600419187725e-16	1.32189408999635	1.32189408999635\\\\
-5.10954988232819	3.44686952585595e-16	1.625	1.625\\\\
-4.77320026681219	3.21997023600555e-16	1.91030206995054	1.91030206995054\\\\
-4.38455447031663	2.95779227842738e-16	2.17467447066629	2.17467447066629\\\\
-3.94787057751726	2.66320812968894e-16	2.41522068280153	2.41522068280153\\\\
-3.46793298852559	2.33944531536949e-16	2.62930523171858	2.62930523171858\\\\
-2.95	1.99005104861445e-16	2.81458256229942	2.81458256229942\\\\
-2.39974619414722	1.61885336612583e-16	2.96902273733845	2.96902273733845\\\\
-1.82320026681219	1.2299191873911e-16	3.09093367795925	3.09093367795925\\\\
-1.22667897582478	8.27509756662172e-17	3.17897970238487	3.17897970238487\\\\
-0.616717933279157	4.16033955871702e-17	3.23219615994689	3.23219615994689\\\\
-3.61270805748469e-16	2.43710964682552e-32	3.25	3.25\\\\
-3.53376171858034e-16	-4.13754878331084e-17	-3.25	-3.25\\\\
-0.603241166766517	-0.0706312409938195	-3.23219615994689	-3.23219615994689\\\\
-1.19987309707361	-0.140488631330773	-3.17897970238487	-3.17897970238487\\\\
-1.78335896663958	-0.208806798823731	-3.09093367795925	-3.09093367795925\\\\
-2.34730598217519	-0.274837235333144	-2.96902273733845	-2.96902273733845\\\\
-2.88553542216473	-0.337856497578858	-2.81458256229943	-2.81458256229943\\\\
-3.39215033223192	-0.397174133336081	-2.62930523171858	-2.62930523171858\\\\
-3.8616001334061	-0.452140246174443	-2.41522068280153	-2.41522068280153\\\\
-4.28874143542689	-0.502152615859289	-2.17467447066629	-2.17467447066629\\\\
-4.66889438880431	-0.54666329640259	-1.91030206995054	-1.91030206995054\\\\
-4.99789395822902	-0.585184619473854	-1.625	-1.625\\\\
-5.27213555557082	-0.617294537396409	-1.32189408999635	-1.32189408999635\\\\
-5.4886145325005	-0.642641247190062	-1.00430523171858	-1.00430523171858\\\\
-5.64495910004567	-0.660947044998174	-0.675712995157718	-0.675712995157718\\\\
-5.73945631440711	-0.672011368669226	-0.339717505619874	-0.339717505619874\\\\
-5.77107084432945	-0.675712995157717	0	0\\\\
-5.73945631440711	-0.672011368669226	0.339717505619874	0.339717505619874\\\\
-5.64495910004567	-0.660947044998174	0.675712995157717	0.675712995157717\\\\
-5.4886145325005	-0.642641247190062	1.00430523171858	1.00430523171858\\\\
-5.27213555557082	-0.617294537396409	1.32189408999635	1.32189408999635\\\\
-4.99789395822902	-0.585184619473854	1.625	1.625\\\\
-4.66889438880431	-0.54666329640259	1.91030206995054	1.91030206995054\\\\
-4.28874143542689	-0.502152615859289	2.17467447066629	2.17467447066629\\\\
-3.8616001334061	-0.452140246174443	2.41522068280153	2.41522068280153\\\\
-3.39215033223192	-0.397174133336081	2.62930523171858	2.62930523171858\\\\
-2.88553542216473	-0.337856497578859	2.81458256229942	2.81458256229942\\\\
-2.34730598217519	-0.274837235333144	2.96902273733845	2.96902273733845\\\\
-1.78335896663958	-0.208806798823731	3.09093367795925	3.09093367795925\\\\
-1.19987309707361	-0.140488631330774	3.17897970238487	3.17897970238487\\\\
-0.603241166766518	-0.0706312409938197	3.23219615994689	3.23219615994689\\\\
-3.53376171858034e-16	-4.13754878331084e-17	3.25	3.25\\\\
-3.30037303570397e-16	-8.09426683062916e-17	-3.25	-3.25\\\\
-0.563399866593905	-0.138175557829912	-3.23219615994689	-3.23219615994689\\\\
-1.12062700635041	-0.274837235333144	-3.17897970238487	-3.17897970238487\\\\
-1.66557632211905	-0.408487738572678	-3.09093367795925	-3.09093367795925\\\\
-2.19227723515831	-0.537662764666855	-2.96902273733845	-2.96902273733845\\\\
-2.69495910004567	-0.660947044998174	-2.81458256229943	-2.81458256229943\\\\
-3.16811442907649	-0.776989851192433	-2.62930523171858	-2.62930523171858\\\\
-3.60655923345177	-0.884519793981449	-2.41522068280153	-2.41522068280153\\\\
-4.00548982014431	-0.982358752809936	-2.17467447066629	-2.17467447066629\\\\
-4.36053542216473	-1.06943478357085	-1.91030206995054	-1.91030206995054\\\\
-4.6678060855992	-1.14479386304935	-1.625	-1.625\\\\
-4.92393528875863	-1.20761034140076	-1.32189408999635	-1.32189408999635\\\\
-5.12611682649472	-1.25719598814308	-1.00430523171858	-1.00430523171858\\\\
-5.27213555557082	-1.29300753255413	-0.675712995157718	-0.675712995157718\\\\
-5.3603916642348	-1.31465261585929	-0.339717505619874	-0.339717505619874\\\\
-5.38991820009135	-1.32189408999635	0	0\\\\
-5.3603916642348	-1.31465261585929	0.339717505619874	0.339717505619874\\\\
-5.27213555557082	-1.29300753255413	0.675712995157717	0.675712995157717\\\\
-5.12611682649472	-1.25719598814308	1.00430523171858	1.00430523171858\\\\
-4.92393528875863	-1.20761034140076	1.32189408999635	1.32189408999635\\\\
-4.6678060855992	-1.14479386304935	1.625	1.625\\\\
-4.36053542216473	-1.06943478357085	1.91030206995054	1.91030206995054\\\\
-4.00548982014432	-0.982358752809936	2.17467447066629	2.17467447066629\\\\
-3.60655923345177	-0.884519793981449	2.41522068280153	2.41522068280153\\\\
-3.16811442907649	-0.776989851192433	2.62930523171858	2.62930523171858\\\\
-2.69495910004568	-0.660947044998175	2.81458256229942	2.81458256229942\\\\
-2.19227723515831	-0.537662764666855	2.96902273733845	2.96902273733845\\\\
-1.66557632211905	-0.408487738572678	3.09093367795925	3.09093367795925\\\\
-1.12062700635041	-0.274837235333145	3.17897970238487	3.17897970238487\\\\
-0.563399866593906	-0.138175557829912	3.23219615994689	3.23219615994689\\\\
-3.30037303570397e-16	-8.09426683062916e-17	3.25	3.25\\\\
-2.92274221422042e-16	-1.16972265768474e-16	-3.25	-3.25\\\\
-0.498935288758632	-0.199680939748947	-3.23219615994689	-3.23219615994689\\\\
-0.992404138084703	-0.397174133336082	-3.17897970238487	-3.17897970238487\\\\
-1.475	-0.590315804004356	-3.09093367795925	-3.09093367795925\\\\
-1.9414354532517	-0.776989851192434	-2.96902273733845	-2.96902273733845\\\\
-2.3866001334061	-0.955151034975268	-2.81458256229943	-2.81458256229943\\\\
-2.8056167230707	-1.12284738414071	-2.62930523171858	-2.62930523171858\\\\
-3.1938943888043	-1.27824158239459	-2.41522068280153	-2.41522068280153\\\\
-3.5471790792488	-1.4196310983825	-2.17467447066629	-2.17467447066629\\\\
-3.8616001334061	-1.54546683897962	-1.91030206995054	-1.91030206995054\\\\
-4.13371268841002	-1.65437012147916	-1.625	-1.625\\\\
-4.36053542216473	-1.74514777872857	-1.32189408999635	-1.32189408999635\\\\
-4.5395832173335	-1.81680523171858	-1.00430523171858	-1.00430523171858\\\\
-4.66889438880431	-1.86855738639894	-0.675712995157718	-0.675712995157718\\\\
-4.74705217632241	-1.89983723533314	-0.339717505619874	-0.339717505619874\\\\
-4.77320026681219	-1.91030206995054	0	0\\\\
-4.74705217632241	-1.89983723533314	0.339717505619874	0.339717505619874\\\\
-4.66889438880431	-1.86855738639894	0.675712995157717	0.675712995157717\\\\
-4.5395832173335	-1.81680523171858	1.00430523171858	1.00430523171858\\\\
-4.36053542216473	-1.74514777872857	1.32189408999635	1.32189408999635\\\\
-4.13371268841002	-1.65437012147916	1.625	1.625\\\\
-3.8616001334061	-1.54546683897962	1.91030206995054	1.91030206995054\\\\
-3.5471790792488	-1.4196310983825	2.17467447066629	2.17467447066629\\\\
-3.19389438880431	-1.27824158239459	2.41522068280153	2.41522068280153\\\\
-2.8056167230707	-1.12284738414071	2.62930523171858	2.62930523171858\\\\
-2.3866001334061	-0.955151034975269	2.81458256229942	2.81458256229942\\\\
-1.94143545325171	-0.776989851192434	2.96902273733845	2.96902273733845\\\\
-1.475	-0.590315804004356	3.09093367795925	3.09093367795925\\\\
-0.992404138084704	-0.397174133336082	3.17897970238487	3.17897970238487\\\\
-0.498935288758633	-0.199680939748948	3.23219615994689	3.23219615994689\\\\
-2.92274221422042e-16	-1.16972265768474e-16	3.25	3.25\\\\
-2.41737353310227e-16	-1.47889613921369e-16	-3.25	-3.25\\\\
-0.412664844647463	-0.252459306425497	-3.23219615994689	-3.23219615994689\\\\
-0.820808446901299	-0.50215261585929	-3.17897970238487	-3.17897970238487\\\\
-1.21995910004567	-0.746344236151537	-3.09093367795925	-3.09093367795925\\\\
-1.60574362599709	-0.982358752809937	-2.96902273733845	-2.96902273733845\\\\
-1.97393528875863	-1.20761034140077	-2.81458256229943	-2.81458256229943\\\\
-2.32050010342402	-1.4196310983825	-2.62930523171858	-2.62930523171858\\\\
-2.64164103336042	-1.61609807997344	-2.41522068280153	-2.41522068280153\\\\
-2.93383959133641	-1.79485875280994	-2.17467447066629	-2.17467447066629\\\\
-3.19389438880431	-1.9539545775523	-1.91030206995054	-1.91030206995054\\\\
-3.41895621098309	-2.09164246705172	-1.625	-1.625\\\\
-3.60655923345177	-2.2064138839778	-1.32189408999635	-1.32189408999635\\\\
-3.75464803823771	-2.29701136866923	-1.00430523171858	-1.00430523171858\\\\
-3.8616001334061	-2.36244231612498	-0.675712995157718	-0.675712995157718\\\\
-3.92624372942111	-2.40198985119243	-0.339717505619874	-0.339717505619874\\\\
-3.94787057751727	-2.41522068280153	0	0\\\\
-3.92624372942111	-2.40198985119243	0.339717505619874	0.339717505619874\\\\
-3.8616001334061	-2.36244231612498	0.675712995157717	0.675712995157717\\\\
-3.75464803823771	-2.29701136866923	1.00430523171858	1.00430523171858\\\\
-3.60655923345177	-2.2064138839778	1.32189408999635	1.32189408999635\\\\
-3.41895621098309	-2.09164246705172	1.625	1.625\\\\
-3.19389438880431	-1.9539545775523	1.91030206995054	1.91030206995054\\\\
-2.93383959133641	-1.79485875280994	2.17467447066629	2.17467447066629\\\\
-2.64164103336042	-1.61609807997344	2.41522068280153	2.41522068280153\\\\
-2.32050010342402	-1.4196310983825	2.62930523171858	2.62930523171858\\\\
-1.97393528875863	-1.20761034140077	2.81458256229942	2.81458256229942\\\\
-1.60574362599709	-0.982358752809937	2.96902273733845	2.96902273733845\\\\
-1.21995910004567	-0.746344236151537	3.09093367795925	3.09093367795925\\\\
-0.8208084469013	-0.50215261585929	3.17897970238487	3.17897970238487\\\\
-0.412664844647464	-0.252459306425497	3.23219615994689	3.23219615994689\\\\
-2.41737353310227e-16	-1.47889613921369e-16	3.25	3.25\\\\
-1.80635402874235e-16	-1.72343476292797e-16	-3.25	-3.25\\\\
-0.308358966639578	-0.294203989977093	-3.23219615994689	-3.23219615994689\\\\
-0.613339487912391	-0.585184619473855	-3.17897970238487	-3.17897970238487\\\\
-0.911600133406096	-0.869753843821906	-3.09093367795925	-3.09093367795925\\\\
-1.19987309707361	-1.14479386304935	-2.96902273733845	-2.96902273733845\\\\
-1.475	-1.40729128114971	-2.81458256229943	-2.81458256229943\\\\
-1.7339664942628	-1.65437012147916	-2.62930523171858	-2.62930523171858\\\\
-1.97393528875863	-1.88332333655848	-2.41522068280153	-2.41522068280153\\\\
-2.19227723515831	-2.09164246705172	-2.17467447066629	-2.17467447066629\\\\
-2.3866001334061	-2.27704512497162	-1.91030206995054	-1.91030206995054\\\\
-2.5547749411641	-2.4375	-1.625	-1.625\\\\
-2.69495910004567	-2.57124911494871	-1.32189408999635	-1.32189408999635\\\\
-2.80561672307071	-2.67682708652558	-1.00430523171858	-1.00430523171858\\\\
-2.88553542216473	-2.75307718038039	-0.675712995157718	-0.675712995157718\\\\
-2.93383959133641	-2.79916398452852	-0.339717505619874	-0.339717505619874\\\\
-2.95	-2.81458256229942	0	0\\\\
-2.93383959133641	-2.79916398452852	0.339717505619874	0.339717505619874\\\\
-2.88553542216473	-2.75307718038039	0.675712995157717	0.675712995157717\\\\
-2.80561672307071	-2.67682708652558	1.00430523171858	1.00430523171858\\\\
-2.69495910004568	-2.57124911494871	1.32189408999635	1.32189408999635\\\\
-2.5547749411641	-2.4375	1.625	1.625\\\\
-2.3866001334061	-2.27704512497162	1.91030206995054	1.91030206995054\\\\
-2.19227723515832	-2.09164246705172	2.17467447066629	2.17467447066629\\\\
-1.97393528875863	-1.88332333655848	2.41522068280153	2.41522068280153\\\\
-1.7339664942628	-1.65437012147916	2.62930523171858	2.62930523171858\\\\
-1.475	-1.40729128114971	2.81458256229942	2.81458256229942\\\\
-1.19987309707361	-1.14479386304935	2.96902273733845	2.96902273733845\\\\
-0.911600133406096	-0.869753843821906	3.09093367795925	3.09093367795925\\\\
-0.613339487912392	-0.585184619473856	3.17897970238487	3.17897970238487\\\\
-0.308358966639579	-0.294203989977094	3.23219615994689	3.23219615994689\\\\
-1.80635402874235e-16	-1.72343476292797e-16	3.25	3.25\\\\
-1.11638818547807e-16	-1.89265101754477e-16	-3.25	-3.25\\\\
-0.190576322119054	-0.323090547419316	-3.23219615994689	-3.23219615994689\\\\
-0.379064650172313	-0.642641247190063	-3.17897970238487	-3.17897970238487\\\\
-0.563399866593905	-0.955151034975269	-3.09093367795925	-3.09093367795925\\\\
-0.741562356178094	-1.25719598814308	-2.96902273733845	-2.96902273733845\\\\
-0.911600133406095	-1.54546683897962	-2.81458256229943	-2.81458256229943\\\\
-1.07165022880791	-1.81680523171858	-2.62930523171858	-2.62930523171858\\\\
-1.21995910004567	-2.06823832614789	-2.41522068280153	-2.41522068280153\\\\
-1.35490184409048	-2.29701136866923	-2.17467447066629	-2.17467447066629\\\\
-1.475	-2.50061787395489	-1.91030206995054	-1.91030206995054\\\\
-1.57893774724592	-2.67682708652558	-1.625	-1.625\\\\
-1.66557632211905	-2.82370842137421	-1.32189408999635	-1.32189408999635\\\\
-1.7339664942628	-2.93965261585929	-1.00430523171858	-1.00430523171858\\\\
-1.78335896663958	-3.02338936112316	-0.675712995157718	-0.675712995157718\\\\
-1.813212584986	-3.07400121986166	-0.339717505619874	-0.339717505619874\\\\
-1.82320026681219	-3.09093367795925	0	0\\\\
-1.813212584986	-3.07400121986166	0.339717505619874	0.339717505619874\\\\
-1.78335896663958	-3.02338936112316	0.675712995157717	0.675712995157717\\\\
-1.7339664942628	-2.93965261585929	1.00430523171858	1.00430523171858\\\\
-1.66557632211905	-2.82370842137421	1.32189408999635	1.32189408999635\\\\
-1.57893774724592	-2.67682708652558	1.625	1.625\\\\
-1.475	-2.50061787395489	1.91030206995054	1.91030206995054\\\\
-1.35490184409048	-2.29701136866923	2.17467447066629	2.17467447066629\\\\
-1.21995910004567	-2.06823832614789	2.41522068280153	2.41522068280153\\\\
-1.07165022880791	-1.81680523171858	2.62930523171858	2.62930523171858\\\\
-0.911600133406096	-1.54546683897963	2.81458256229942	2.81458256229942\\\\
-0.741562356178094	-1.25719598814308	2.96902273733845	2.96902273733845\\\\
-0.563399866593905	-0.955151034975269	3.09093367795925	3.09093367795925\\\\
-0.379064650172313	-0.642641247190064	3.17897970238487	3.17897970238487\\\\
-0.190576322119054	-0.323090547419317	3.23219615994689	3.23219615994689\\\\
-1.11638818547807e-16	-1.89265101754477e-16	3.25	3.25\\\\
-3.77630821483547e-17	-1.97914934074766e-16	-3.25	-3.25\\\\
-0.0644645778352738	-0.337856497578859	-3.23219615994689	-3.23219615994689\\\\
-0.128222868265704	-0.672011368669227	-3.17897970238487	-3.17897970238487\\\\
-0.190576322119055	-0.998803542577034	-3.09093367795925	-3.09093367795925\\\\
-0.250841781906611	-1.31465261585929	-2.96902273733845	-2.96902273733845\\\\
-0.30835896663958	-1.61609807997344	-2.81458256229943	-2.81458256229943\\\\
-0.362497706005784	-1.89983723533314	-2.62930523171858	-2.62930523171858\\\\
-0.412664844647466	-2.16276137637603	-2.41522068280153	-2.41522068280153\\\\
-0.458310740895521	-2.40198985119243	-2.17467447066629	-2.17467447066629\\\\
-0.498935288758635	-2.61490162255048	-1.91030206995054	-1.91030206995054\\\\
-0.534093397189189	-2.79916398452852	-1.625	-1.625\\\\
-0.563399866593909	-2.95275812012934	-1.32189408999635	-1.32189408999635\\\\
-0.586533609161225	-3.07400121986166	-1.00430523171858	-1.00430523171858\\\\
-0.603241166766522	-3.16156491895307	-0.675712995157718	-0.675712995157718\\\\
-0.613339487912395	-3.21448985119243	-0.339717505619874	-0.339717505619874\\\\
-0.61671793327916	-3.23219615994689	0	0\\\\
-0.613339487912395	-3.21448985119243	0.339717505619874	0.339717505619874\\\\
-0.603241166766522	-3.16156491895307	0.675712995157717	0.675712995157717\\\\
-0.586533609161225	-3.07400121986166	1.00430523171858	1.00430523171858\\\\
-0.563399866593909	-2.95275812012934	1.32189408999635	1.32189408999635\\\\
-0.534093397189189	-2.79916398452852	1.625	1.625\\\\
-0.498935288758635	-2.61490162255048	1.91030206995054	1.91030206995054\\\\
-0.458310740895521	-2.40198985119243	2.17467447066629	2.17467447066629\\\\
-0.412664844647466	-2.16276137637603	2.41522068280153	2.41522068280153\\\\
-0.362497706005784	-1.89983723533314	2.62930523171858	2.62930523171858\\\\
-0.30835896663958	-1.61609807997345	2.81458256229942	2.81458256229942\\\\
-0.250841781906611	-1.31465261585929	2.96902273733845	2.96902273733845\\\\
-0.190576322119055	-0.998803542577034	3.09093367795925	3.09093367795925\\\\
-0.128222868265704	-0.672011368669228	3.17897970238487	3.17897970238487\\\\
-0.064464577835274	-0.33785649757886	3.23219615994689	3.23219615994689\\\\
-3.77630821483547e-17	-1.97914934074766e-16	3.25	3.25\\\\
3.77630821483543e-17	-1.97914934074766e-16	-3.25	-3.25\\\\
0.0644645778352731	-0.337856497578859	-3.23219615994689	-3.23219615994689\\\\
0.128222868265703	-0.672011368669227	-3.17897970238487	-3.17897970238487\\\\
0.190576322119053	-0.998803542577034	-3.09093367795925	-3.09093367795925\\\\
0.250841781906608	-1.31465261585929	-2.96902273733845	-2.96902273733845\\\\
0.308358966639576	-1.61609807997344	-2.81458256229943	-2.81458256229943\\\\
0.362497706005779	-1.89983723533314	-2.62930523171858	-2.62930523171858\\\\
0.412664844647461	-2.16276137637603	-2.41522068280153	-2.41522068280153\\\\
0.458310740895515	-2.40198985119243	-2.17467447066629	-2.17467447066629\\\\
0.498935288758629	-2.61490162255048	-1.91030206995054	-1.91030206995054\\\\
0.534093397189183	-2.79916398452852	-1.625	-1.625\\\\
0.563399866593902	-2.95275812012934	-1.32189408999635	-1.32189408999635\\\\
0.586533609161218	-3.07400121986166	-1.00430523171858	-1.00430523171858\\\\
0.603241166766514	-3.16156491895307	-0.675712995157718	-0.675712995157718\\\\
0.613339487912387	-3.21448985119243	-0.339717505619874	-0.339717505619874\\\\
0.616717933279153	-3.23219615994689	0	0\\\\
0.613339487912387	-3.21448985119243	0.339717505619874	0.339717505619874\\\\
0.603241166766515	-3.16156491895307	0.675712995157717	0.675712995157717\\\\
0.586533609161218	-3.07400121986166	1.00430523171858	1.00430523171858\\\\
0.563399866593903	-2.95275812012934	1.32189408999635	1.32189408999635\\\\
0.534093397189183	-2.79916398452852	1.625	1.625\\\\
0.498935288758629	-2.61490162255048	1.91030206995054	1.91030206995054\\\\
0.458310740895515	-2.40198985119244	2.17467447066629	2.17467447066629\\\\
0.412664844647461	-2.16276137637603	2.41522068280153	2.41522068280153\\\\
0.362497706005779	-1.89983723533314	2.62930523171858	2.62930523171858\\\\
0.308358966639577	-1.61609807997345	2.81458256229942	2.81458256229942\\\\
0.250841781906608	-1.31465261585929	2.96902273733845	2.96902273733845\\\\
0.190576322119053	-0.998803542577034	3.09093367795925	3.09093367795925\\\\
0.128222868265703	-0.672011368669228	3.17897970238487	3.17897970238487\\\\
0.0644645778352732	-0.33785649757886	3.23219615994689	3.23219615994689\\\\
3.77630821483543e-17	-1.97914934074766e-16	3.25	3.25\\\\
1.11638818547807e-16	-1.89265101754478e-16	-3.25	-3.25\\\\
0.190576322119054	-0.323090547419316	-3.23219615994689	-3.23219615994689\\\\
0.379064650172312	-0.642641247190064	-3.17897970238487	-3.17897970238487\\\\
0.563399866593905	-0.955151034975269	-3.09093367795925	-3.09093367795925\\\\
0.741562356178093	-1.25719598814308	-2.96902273733845	-2.96902273733845\\\\
0.911600133406094	-1.54546683897962	-2.81458256229943	-2.81458256229943\\\\
1.07165022880791	-1.81680523171858	-2.62930523171858	-2.62930523171858\\\\
1.21995910004567	-2.06823832614789	-2.41522068280153	-2.41522068280153\\\\
1.35490184409048	-2.29701136866923	-2.17467447066629	-2.17467447066629\\\\
1.475	-2.50061787395489	-1.91030206995054	-1.91030206995054\\\\
1.57893774724592	-2.67682708652558	-1.625	-1.625\\\\
1.66557632211905	-2.82370842137421	-1.32189408999635	-1.32189408999635\\\\
1.73396649426279	-2.93965261585929	-1.00430523171858	-1.00430523171858\\\\
1.78335896663958	-3.02338936112316	-0.675712995157718	-0.675712995157718\\\\
1.813212584986	-3.07400121986166	-0.339717505619874	-0.339717505619874\\\\
1.82320026681219	-3.09093367795925	0	0\\\\
1.813212584986	-3.07400121986166	0.339717505619874	0.339717505619874\\\\
1.78335896663958	-3.02338936112316	0.675712995157717	0.675712995157717\\\\
1.73396649426279	-2.93965261585929	1.00430523171858	1.00430523171858\\\\
1.66557632211905	-2.82370842137421	1.32189408999635	1.32189408999635\\\\
1.57893774724592	-2.67682708652558	1.625	1.625\\\\
1.475	-2.50061787395489	1.91030206995054	1.91030206995054\\\\
1.35490184409048	-2.29701136866923	2.17467447066629	2.17467447066629\\\\
1.21995910004567	-2.06823832614789	2.41522068280153	2.41522068280153\\\\
1.07165022880791	-1.81680523171858	2.62930523171858	2.62930523171858\\\\
0.911600133406095	-1.54546683897963	2.81458256229942	2.81458256229942\\\\
0.741562356178093	-1.25719598814308	2.96902273733845	2.96902273733845\\\\
0.563399866593905	-0.955151034975269	3.09093367795925	3.09093367795925\\\\
0.379064650172313	-0.642641247190064	3.17897970238487	3.17897970238487\\\\
0.190576322119054	-0.323090547419317	3.23219615994689	3.23219615994689\\\\
1.11638818547807e-16	-1.89265101754478e-16	3.25	3.25\\\\
1.80635402874234e-16	-1.72343476292797e-16	-3.25	-3.25\\\\
0.308358966639577	-0.294203989977094	-3.23219615994689	-3.23219615994689\\\\
0.61333948791239	-0.585184619473856	-3.17897970238487	-3.17897970238487\\\\
0.911600133406094	-0.869753843821907	-3.09093367795925	-3.09093367795925\\\\
1.19987309707361	-1.14479386304935	-2.96902273733845	-2.96902273733845\\\\
1.475	-1.40729128114971	-2.81458256229943	-2.81458256229943\\\\
1.73396649426279	-1.65437012147916	-2.62930523171858	-2.62930523171858\\\\
1.97393528875863	-1.88332333655848	-2.41522068280153	-2.41522068280153\\\\
2.19227723515831	-2.09164246705172	-2.17467447066629	-2.17467447066629\\\\
2.38660013340609	-2.27704512497162	-1.91030206995054	-1.91030206995054\\\\
2.55477494116409	-2.4375	-1.625	-1.625\\\\
2.69495910004567	-2.57124911494871	-1.32189408999635	-1.32189408999635\\\\
2.8056167230707	-2.67682708652558	-1.00430523171858	-1.00430523171858\\\\
2.88553542216472	-2.75307718038039	-0.675712995157718	-0.675712995157718\\\\
2.9338395913364	-2.79916398452852	-0.339717505619874	-0.339717505619874\\\\
2.95	-2.81458256229943	0	0\\\\
2.9338395913364	-2.79916398452852	0.339717505619874	0.339717505619874\\\\
2.88553542216472	-2.75307718038039	0.675712995157717	0.675712995157717\\\\
2.8056167230707	-2.67682708652558	1.00430523171858	1.00430523171858\\\\
2.69495910004567	-2.57124911494871	1.32189408999635	1.32189408999635\\\\
2.55477494116409	-2.4375	1.625	1.625\\\\
2.38660013340609	-2.27704512497162	1.91030206995054	1.91030206995054\\\\
2.19227723515831	-2.09164246705173	2.17467447066629	2.17467447066629\\\\
1.97393528875863	-1.88332333655848	2.41522068280153	2.41522068280153\\\\
1.73396649426279	-1.65437012147916	2.62930523171858	2.62930523171858\\\\
1.475	-1.40729128114971	2.81458256229942	2.81458256229942\\\\
1.19987309707361	-1.14479386304935	2.96902273733845	2.96902273733845\\\\
0.911600133406094	-0.869753843821907	3.09093367795925	3.09093367795925\\\\
0.61333948791239	-0.585184619473856	3.17897970238487	3.17897970238487\\\\
0.308358966639578	-0.294203989977094	3.23219615994689	3.23219615994689\\\\
1.80635402874234e-16	-1.72343476292797e-16	3.25	3.25\\\\
2.41737353310226e-16	-1.47889613921369e-16	-3.25	-3.25\\\\
0.412664844647463	-0.252459306425497	-3.23219615994689	-3.23219615994689\\\\
0.820808446901298	-0.50215261585929	-3.17897970238487	-3.17897970238487\\\\
1.21995910004567	-0.746344236151538	-3.09093367795925	-3.09093367795925\\\\
1.60574362599709	-0.982358752809937	-2.96902273733845	-2.96902273733845\\\\
1.97393528875863	-1.20761034140077	-2.81458256229943	-2.81458256229943\\\\
2.32050010342402	-1.4196310983825	-2.62930523171858	-2.62930523171858\\\\
2.64164103336042	-1.61609807997345	-2.41522068280153	-2.41522068280153\\\\
2.9338395913364	-1.79485875280994	-2.17467447066629	-2.17467447066629\\\\
3.1938943888043	-1.9539545775523	-1.91030206995054	-1.91030206995054\\\\
3.41895621098309	-2.09164246705172	-1.625	-1.625\\\\
3.60655923345177	-2.2064138839778	-1.32189408999635	-1.32189408999635\\\\
3.7546480382377	-2.29701136866923	-1.00430523171858	-1.00430523171858\\\\
3.86160013340609	-2.36244231612498	-0.675712995157718	-0.675712995157718\\\\
3.92624372942111	-2.40198985119244	-0.339717505619874	-0.339717505619874\\\\
3.94787057751726	-2.41522068280153	0	0\\\\
3.92624372942111	-2.40198985119244	0.339717505619874	0.339717505619874\\\\
3.86160013340609	-2.36244231612498	0.675712995157717	0.675712995157717\\\\
3.7546480382377	-2.29701136866923	1.00430523171858	1.00430523171858\\\\
3.60655923345177	-2.2064138839778	1.32189408999635	1.32189408999635\\\\
3.41895621098309	-2.09164246705173	1.625	1.625\\\\
3.1938943888043	-1.9539545775523	1.91030206995054	1.91030206995054\\\\
2.93383959133641	-1.79485875280994	2.17467447066629	2.17467447066629\\\\
2.64164103336042	-1.61609807997345	2.41522068280153	2.41522068280153\\\\
2.32050010342402	-1.4196310983825	2.62930523171858	2.62930523171858\\\\
1.97393528875863	-1.20761034140077	2.81458256229942	2.81458256229942\\\\
1.60574362599709	-0.982358752809938	2.96902273733845	2.96902273733845\\\\
1.21995910004567	-0.746344236151538	3.09093367795925	3.09093367795925\\\\
0.820808446901299	-0.502152615859291	3.17897970238487	3.17897970238487\\\\
0.412664844647464	-0.252459306425497	3.23219615994689	3.23219615994689\\\\
2.41737353310226e-16	-1.47889613921369e-16	3.25	3.25\\\\
2.92274221422042e-16	-1.16972265768474e-16	-3.25	-3.25\\\\
0.498935288758632	-0.199680939748947	-3.23219615994689	-3.23219615994689\\\\
0.992404138084703	-0.397174133336082	-3.17897970238487	-3.17897970238487\\\\
1.475	-0.590315804004356	-3.09093367795925	-3.09093367795925\\\\
1.9414354532517	-0.776989851192434	-2.96902273733845	-2.96902273733845\\\\
2.38660013340609	-0.955151034975269	-2.81458256229943	-2.81458256229943\\\\
2.8056167230707	-1.12284738414071	-2.62930523171858	-2.62930523171858\\\\
3.1938943888043	-1.27824158239459	-2.41522068280153	-2.41522068280153\\\\
3.5471790792488	-1.4196310983825	-2.17467447066629	-2.17467447066629\\\\
3.86160013340609	-1.54546683897963	-1.91030206995054	-1.91030206995054\\\\
4.13371268841002	-1.65437012147916	-1.625	-1.625\\\\
4.36053542216473	-1.74514777872857	-1.32189408999635	-1.32189408999635\\\\
4.5395832173335	-1.81680523171858	-1.00430523171858	-1.00430523171858\\\\
4.6688943888043	-1.86855738639894	-0.675712995157718	-0.675712995157718\\\\
4.74705217632241	-1.89983723533315	-0.339717505619874	-0.339717505619874\\\\
4.77320026681219	-1.91030206995054	0	0\\\\
4.74705217632241	-1.89983723533315	0.339717505619874	0.339717505619874\\\\
4.66889438880431	-1.86855738639894	0.675712995157717	0.675712995157717\\\\
4.5395832173335	-1.81680523171858	1.00430523171858	1.00430523171858\\\\
4.36053542216473	-1.74514777872857	1.32189408999635	1.32189408999635\\\\
4.13371268841002	-1.65437012147916	1.625	1.625\\\\
3.86160013340609	-1.54546683897963	1.91030206995054	1.91030206995054\\\\
3.5471790792488	-1.4196310983825	2.17467447066629	2.17467447066629\\\\
3.1938943888043	-1.27824158239459	2.41522068280153	2.41522068280153\\\\
2.8056167230707	-1.12284738414071	2.62930523171858	2.62930523171858\\\\
2.3866001334061	-0.95515103497527	2.81458256229942	2.81458256229942\\\\
1.9414354532517	-0.776989851192435	2.96902273733845	2.96902273733845\\\\
1.475	-0.590315804004356	3.09093367795925	3.09093367795925\\\\
0.992404138084704	-0.397174133336083	3.17897970238487	3.17897970238487\\\\
0.498935288758633	-0.199680939748948	3.23219615994689	3.23219615994689\\\\
2.92274221422042e-16	-1.16972265768474e-16	3.25	3.25\\\\
3.30037303570396e-16	-8.09426683062918e-17	-3.25	-3.25\\\\
0.563399866593905	-0.138175557829912	-3.23219615994689	-3.23219615994689\\\\
1.12062700635041	-0.274837235333145	-3.17897970238487	-3.17897970238487\\\\
1.66557632211905	-0.408487738572679	-3.09093367795925	-3.09093367795925\\\\
2.19227723515831	-0.537662764666856	-2.96902273733845	-2.96902273733845\\\\
2.69495910004567	-0.660947044998176	-2.81458256229943	-2.81458256229943\\\\
3.16811442907648	-0.776989851192436	-2.62930523171858	-2.62930523171858\\\\
3.60655923345177	-0.884519793981451	-2.41522068280153	-2.41522068280153\\\\
4.00548982014431	-0.982358752809939	-2.17467447066629	-2.17467447066629\\\\
4.36053542216473	-1.06943478357086	-1.91030206995054	-1.91030206995054\\\\
4.6678060855992	-1.14479386304935	-1.625	-1.625\\\\
4.92393528875863	-1.20761034140077	-1.32189408999635	-1.32189408999635\\\\
5.12611682649472	-1.25719598814308	-1.00430523171858	-1.00430523171858\\\\
5.27213555557082	-1.29300753255413	-0.675712995157718	-0.675712995157718\\\\
5.3603916642348	-1.31465261585929	-0.339717505619874	-0.339717505619874\\\\
5.38991820009134	-1.32189408999635	0	0\\\\
5.3603916642348	-1.31465261585929	0.339717505619874	0.339717505619874\\\\
5.27213555557082	-1.29300753255413	0.675712995157717	0.675712995157717\\\\
5.12611682649472	-1.25719598814308	1.00430523171858	1.00430523171858\\\\
4.92393528875863	-1.20761034140077	1.32189408999635	1.32189408999635\\\\
4.6678060855992	-1.14479386304935	1.625	1.625\\\\
4.36053542216473	-1.06943478357086	1.91030206995054	1.91030206995054\\\\
4.00548982014431	-0.982358752809939	2.17467447066629	2.17467447066629\\\\
3.60655923345177	-0.884519793981451	2.41522068280153	2.41522068280153\\\\
3.16811442907648	-0.776989851192436	2.62930523171858	2.62930523171858\\\\
2.69495910004567	-0.660947044998177	2.81458256229942	2.81458256229942\\\\
2.19227723515831	-0.537662764666857	2.96902273733845	2.96902273733845\\\\
1.66557632211905	-0.408487738572679	3.09093367795925	3.09093367795925\\\\
1.12062700635041	-0.274837235333146	3.17897970238487	3.17897970238487\\\\
0.563399866593906	-0.138175557829912	3.23219615994689	3.23219615994689\\\\
3.30037303570396e-16	-8.09426683062918e-17	3.25	3.25\\\\
3.53376171858034e-16	-4.13754878331086e-17	-3.25	-3.25\\\\
0.603241166766517	-0.0706312409938198	-3.23219615994689	-3.23219615994689\\\\
1.19987309707361	-0.140488631330774	-3.17897970238487	-3.17897970238487\\\\
1.78335896663958	-0.208806798823732	-3.09093367795925	-3.09093367795925\\\\
2.34730598217519	-0.274837235333145	-2.96902273733845	-2.96902273733845\\\\
2.88553542216473	-0.33785649757886	-2.81458256229943	-2.81458256229943\\\\
3.39215033223192	-0.397174133336083	-2.62930523171858	-2.62930523171858\\\\
3.86160013340609	-0.452140246174445	-2.41522068280153	-2.41522068280153\\\\
4.28874143542689	-0.502152615859291	-2.17467447066629	-2.17467447066629\\\\
4.6688943888043	-0.546663296402592	-1.91030206995054	-1.91030206995054\\\\
4.99789395822902	-0.585184619473856	-1.625	-1.625\\\\
5.27213555557082	-0.617294537396411	-1.32189408999635	-1.32189408999635\\\\
5.4886145325005	-0.642641247190065	-1.00430523171858	-1.00430523171858\\\\
5.64495910004567	-0.660947044998177	-0.675712995157718	-0.675712995157718\\\\
5.73945631440711	-0.672011368669228	-0.339717505619874	-0.339717505619874\\\\
5.77107084432945	-0.67571299515772	0	0\\\\
5.73945631440711	-0.672011368669228	0.339717505619874	0.339717505619874\\\\
5.64495910004567	-0.660947044998177	0.675712995157717	0.675712995157717\\\\
5.4886145325005	-0.642641247190065	1.00430523171858	1.00430523171858\\\\
5.27213555557082	-0.617294537396412	1.32189408999635	1.32189408999635\\\\
4.99789395822902	-0.585184619473857	1.625	1.625\\\\
4.6688943888043	-0.546663296402592	1.91030206995054	1.91030206995054\\\\
4.28874143542689	-0.502152615859291	2.17467447066629	2.17467447066629\\\\
3.8616001334061	-0.452140246174445	2.41522068280153	2.41522068280153\\\\
3.39215033223192	-0.397174133336083	2.62930523171858	2.62930523171858\\\\
2.88553542216473	-0.33785649757886	2.81458256229942	2.81458256229942\\\\
2.34730598217519	-0.274837235333145	2.96902273733845	2.96902273733845\\\\
1.78335896663958	-0.208806798823732	3.09093367795925	3.09093367795925\\\\
1.19987309707361	-0.140488631330774	3.17897970238487	3.17897970238487\\\\
0.603241166766518	-0.0706312409938199	3.23219615994689	3.23219615994689\\\\
3.53376171858034e-16	-4.13754878331086e-17	3.25	3.25\\\\
3.61270805748469e-16	-4.87421929365104e-32	-3.25	-3.25\\\\
0.616717933279155	-8.32067911743403e-17	-3.23219615994689	-3.23219615994689\\\\
1.22667897582478	-1.65501951332434e-16	-3.17897970238487	-3.17897970238487\\\\
1.82320026681219	-2.4598383747822e-16	-3.09093367795925	-3.09093367795925\\\\
2.39974619414722	-3.23770673225167e-16	-2.96902273733845	-2.96902273733845\\\\
2.95	-3.9801020972289e-16	-2.81458256229943	-2.81458256229943\\\\
3.46793298852559	-4.67889063073898e-16	-2.62930523171858	-2.62930523171858\\\\
3.94787057751726	-5.32641625937787e-16	-2.41522068280153	-2.41522068280153\\\\
4.38455447031663	-5.91558455685476e-16	-2.17467447066629	-2.17467447066629\\\\
4.77320026681219	-6.43994047201109e-16	-1.91030206995054	-1.91030206995054\\\\
5.10954988232819	-6.89373905171189e-16	-1.625	-1.625\\\\
5.38991820009135	-7.2720083837545e-16	-1.32189408999635	-1.32189408999635\\\\
5.61123344614141	-7.5706040701791e-16	-1.00430523171858	-1.00430523171858\\\\
5.77107084432945	-7.78625463416007e-16	-0.675712995157718	-0.675712995157718\\\\
5.86767918267281	-7.91659736299065e-16	-0.339717505619874	-0.339717505619874\\\\
5.9	-7.9602041944578e-16	0	0\\\\
5.86767918267281	-7.91659736299065e-16	0.339717505619874	0.339717505619874\\\\
5.77107084432945	-7.78625463416007e-16	0.675712995157717	0.675712995157717\\\\
5.61123344614141	-7.5706040701791e-16	1.00430523171858	1.00430523171858\\\\
5.38991820009135	-7.2720083837545e-16	1.32189408999635	1.32189408999635\\\\
5.10954988232819	-6.8937390517119e-16	1.625	1.625\\\\
4.77320026681219	-6.43994047201109e-16	1.91030206995054	1.91030206995054\\\\
4.38455447031663	-5.91558455685476e-16	2.17467447066629	2.17467447066629\\\\
3.94787057751726	-5.32641625937787e-16	2.41522068280153	2.41522068280153\\\\
3.46793298852559	-4.67889063073898e-16	2.62930523171858	2.62930523171858\\\\
2.95	-3.9801020972289e-16	2.81458256229942	2.81458256229942\\\\
2.39974619414722	-3.23770673225167e-16	2.96902273733845	2.96902273733845\\\\
1.82320026681219	-2.4598383747822e-16	3.09093367795925	3.09093367795925\\\\
1.22667897582478	-1.65501951332434e-16	3.17897970238487	3.17897970238487\\\\
0.616717933279157	-8.32067911743404e-17	3.23219615994689	3.23219615994689\\\\
3.61270805748469e-16	-4.87421929365104e-32	3.25	3.25\\\\
};
\\end{axis}
\\end{tikzpicture}%
'
knitr::opts_chunk$set(warning = FALSE, message = FALSE)
include_tikz(image01, name = "grafiko1", markup = "markdown",format = typ,library = c("babel","calc","3d"),width = "6cm")
knitr::opts_chunk$set(warning = FALSE, message = FALSE)
include_tikz(image02, name = "grafiko2", markup = "markdown",format = typ,package=c("xcolor"),library = c("babel","calc","3d"),width = "6cm")
knitr::opts_chunk$set(warning = FALSE, message = FALSE)
include_tikz(image03, name = "grafiko3", markup = "markdown",format = typ,library = c("babel","calc","3d"),packages=c("pgfplots"),width = "8cm")
knitr::opts_chunk$set(warning = FALSE, message = FALSE)
include_tikz(image04, name = "grafiko4", markup = "markdown",format = typ, library = c("3d", "babel", "angles"), packages=c("pgfplots"),width = "6cm")
